   0.0000000E+00      2    10.0000  0.00000    0.0000    0.0000  359.5520    0.4480    10.0000    10.0000  0.11844E-03   359.5520
   0.2700000E+02      2     9.9999  0.00001    0.0000  351.4029  271.7501   44.2542     9.9998    10.0000  0.11844E-03   263.1530
   0.5400000E+02      2     9.9999  0.00001    0.0001  337.2647  277.5002  360.0000     9.9999    10.0000  0.11844E-03   254.7649
   0.8100000E+02      2    10.0000  0.00001    0.0002  351.9427  237.7679  332.4318     9.9999    10.0002  0.11844E-03   229.7106
   0.1080000E+03      2    10.0001  0.00001    0.0002  346.1941  219.4836  303.8407    10.0000    10.0002  0.11844E-03   205.6777
   0.1350000E+03      2    10.0001  0.00002    0.0002  348.1265  265.9609  202.8024    10.0000    10.0003  0.11844E-03   254.0874
   0.1620000E+03      2    10.0002  0.00002    0.0003  348.0316  259.8478  156.3809    10.0000    10.0003  0.11844E-03   247.8795
   0.1890000E+03      2    10.0000  0.00001    0.0004  342.6314  271.3642   97.6363     9.9999    10.0002  0.11844E-03   253.9956
   0.2160000E+03      2    10.0000  0.00002    0.0004  336.1885  276.8092   46.0113     9.9998    10.0002  0.11844E-03   252.9977
   0.2430000E+03      2    10.0001  0.00002    0.0004  334.1138  260.8989   11.3718     9.9999    10.0004  0.11844E-03   235.0127
   0.2700000E+03      2    10.0002  0.00003    0.0004  322.5546  278.2294  312.9679     9.9999    10.0005  0.11844E-03   240.7841
   0.2970000E+03      2    10.0001  0.00003    0.0004  323.7596  273.4734  263.8894     9.9998    10.0005  0.11844E-03   237.2330
   0.3240000E+03      2    10.0000  0.00003    0.0005  327.2909  276.0146  205.1919     9.9997    10.0003  0.11844E-03   243.3054
   0.3510000E+03      2    10.0000  0.00003    0.0005  329.8756  297.6110  128.3915     9.9996    10.0003  0.11844E-03   267.4866
   0.3780000E+03      2    10.0001  0.00003    0.0005  334.9210  278.1997   90.1335     9.9997    10.0004  0.11844E-03   253.1207
   0.4050000E+03      2    10.0001  0.00004    0.0005  337.4034  276.8655   36.3603     9.9996    10.0005  0.11844E-03   254.2689
   0.4320000E+03      2    10.0001  0.00005    0.0005  334.8058  272.4253  350.7732     9.9995    10.0006  0.11844E-03   247.2311
   0.4590000E+03      2    10.0002  0.00004    0.0005  337.1073  255.5911  312.6798     9.9998    10.0006  0.11844E-03   232.6984
   0.4860000E+03      2    10.0001  0.00005    0.0005  343.3881  252.3707  256.9897     9.9996    10.0006  0.11844E-03   235.7588
   0.5130000E+03      2    10.0002  0.00005    0.0005  340.3842  263.4615  196.2743     9.9996    10.0007  0.11844E-03   243.8457
   0.5400000E+03      2    10.0002  0.00006    0.0006  339.0485  277.6257  130.8185     9.9995    10.0008  0.11844E-03   256.6742
   0.5670000E+03      2    10.0025  0.00031    0.0079   35.3975  184.1158  115.3024     9.9994    10.0056  0.11846E-03   219.5133
   0.5940000E+03      2    10.0022  0.00025    0.0084   47.4842  152.6181   81.9521     9.9997    10.0048  0.11846E-03   200.1024
   0.6210000E+03      2    10.0000  0.00015    0.0085   67.7999  121.5497   40.0381     9.9985    10.0015  0.11846E-03   189.3495
   0.6480000E+03      2     9.9998  0.00014    0.0070   63.3366  127.8584  345.5735     9.9985    10.0012  0.11846E-03   191.1950
   0.6750000E+03      2     9.9980  0.00018    0.0077   69.6733   80.8755  333.6583     9.9961     9.9998  0.11846E-03   150.5488
   0.7020000E+03      2     9.9975  0.00019    0.0048   69.2228   90.5967  271.8633     9.9955     9.9994  0.11846E-03   159.8195
   0.7290000E+03      2     9.9977  0.00020    0.0058   48.3480  119.9113  210.9104     9.9957     9.9997  0.11846E-03   168.2593
   0.7560000E+03      2     9.9987  0.00025    0.0068   31.2491  130.2267  165.1548     9.9962    10.0012  0.11846E-03   161.4759
   0.7830000E+03      2     9.9982  0.00019    0.0067   23.6740  128.7302  121.6715     9.9963    10.0002  0.11846E-03   152.4042
   0.8100000E+03      2     9.9996  0.00036    0.0094   30.6347   80.6465  110.2393     9.9961    10.0032  0.11846E-03   111.2812
   0.8370000E+03      2    10.0005  0.00029    0.0091   40.7354   73.5373   54.6114     9.9976    10.0034  0.11846E-03   114.2726
   0.8640000E+03      2    10.0014  0.00032    0.0100   38.5622   70.2322    7.4303     9.9982    10.0047  0.11846E-03   108.7945
   0.8910000E+03      2    10.0024  0.00034    0.0130   35.7639   72.6574  315.0911     9.9990    10.0058  0.11846E-03   108.4214
   0.9180000E+03      2    10.0034  0.00041    0.0135   33.3200   79.6518  257.7811     9.9993    10.0075  0.11846E-03   112.9718
   0.9450000E+03      2    10.0024  0.00039    0.0139   31.0044   88.4821  198.5116     9.9985    10.0064  0.11846E-03   119.4864
   0.9720000E+03      2    10.0025  0.00039    0.0130   35.7287   87.6159  141.9122     9.9986    10.0064  0.11846E-03   123.3445
   0.9990000E+03      2    10.0022  0.00041    0.0134   37.9465   90.2851   84.3071     9.9981    10.0063  0.11846E-03   128.2315
   0.1026000E+04      2    10.0022  0.00042    0.0121   36.9271   93.0593   29.8328     9.9980    10.0064  0.11846E-03   129.9864
   0.1053000E+04      2    10.0021  0.00037    0.0105   40.1364   97.1853  329.7766     9.9984    10.0058  0.11846E-03   137.3217
   0.1080000E+04      2    10.0011  0.00026    0.0101   37.0642  101.4397  275.9123     9.9985    10.0038  0.11846E-03   138.5038
   0.1107000E+04      2    10.0017  0.00033    0.0102   36.1863   98.2495  227.2758     9.9984    10.0051  0.11846E-03   134.4358
   0.1134000E+04      2    10.0021  0.00039    0.0134   19.9237  101.8089  187.2545     9.9981    10.0060  0.11846E-03   121.7325
   0.1161000E+04      2    10.0025  0.00050    0.0226   30.7925   93.0220  132.4563     9.9975    10.0075  0.11846E-03   123.8145
   0.1188000E+04      2    10.0024  0.00045    0.0230   30.7094   89.8580   82.9581     9.9979    10.0070  0.11846E-03   120.5674
   0.1215000E+04      2     9.9965  0.00031    0.0235   28.6945  192.2244  289.9262     9.9934     9.9997  0.11846E-03   220.9189
   0.1242000E+04      2     9.9972  0.00037    0.0233   28.0436  196.8488  233.4664     9.9935    10.0008  0.11846E-03   224.8924
   0.1269000E+04      2     9.9983  0.00043    0.0229   26.9987  202.5170  176.3212     9.9940    10.0026  0.11846E-03   229.5158
   0.1296000E+04      2     9.9989  0.00040    0.0234   25.0693  196.4495  131.7481     9.9949    10.0028  0.11846E-03   221.5188
   0.1323000E+04      2     9.9985  0.00032    0.0226   27.5338  191.0927   82.0673     9.9953    10.0017  0.11846E-03   218.6265
   0.1350000E+04      2     9.9997  0.00044    0.0212   25.2763  174.6182   48.2347     9.9953    10.0041  0.11846E-03   199.8945
   0.1377000E+04      2    10.0005  0.00040    0.0212   21.7054  184.7381  349.0430     9.9966    10.0045  0.11846E-03   206.4435
   0.1404000E+04      2    10.0002  0.00039    0.0201   20.6310  187.3781  294.8316     9.9962    10.0041  0.11846E-03   208.0091
   0.1431000E+04      2     9.9996  0.00036    0.0221   25.2595  179.1025  245.8640     9.9960    10.0032  0.11846E-03   204.3620
   0.1458000E+04      2    10.0007  0.00038    0.0215   28.5990  159.8552  209.1278     9.9968    10.0045  0.11846E-03   188.4542
   0.1485000E+04      2     9.9996  0.00036    0.0204   26.0096  149.1763  169.7576     9.9960    10.0031  0.11846E-03   175.1859
   0.1512000E+04      2    10.0001  0.00034    0.0206   32.6968  136.7122  122.9124     9.9967    10.0035  0.11846E-03   169.4090
   0.1539000E+04      2     9.9975  0.00029    0.0177   30.5624   90.1969  118.9540     9.9945    10.0004  0.11849E-03   120.7593
   0.1566000E+04      2     9.9982  0.00040    0.0177   29.9269   71.3573   85.9267     9.9942    10.0022  0.11849E-03   101.2842
   0.1593000E+04      2     9.9988  0.00034    0.0189   39.0271   49.4054   46.2168     9.9954    10.0022  0.11849E-03    88.4325
   0.1620000E+04      2     9.9995  0.00035    0.0195   41.3294   57.1702  343.5561     9.9960    10.0030  0.11849E-03    98.4996
   0.1647000E+04      2     9.9999  0.00030    0.0194   39.0174   41.6420  308.7956     9.9969    10.0030  0.11849E-03    80.6594
   0.1674000E+04      2     9.9993  0.00028    0.0189   41.6792   47.5868  247.5969     9.9966    10.0021  0.11849E-03    89.2660
   0.1701000E+04      2     9.9994  0.00026    0.0168   44.2806   37.0479  202.9314     9.9969    10.0020  0.11849E-03    81.3285
   0.1728000E+04      2     9.9981  0.00021    0.0167   45.4313   36.9398  149.3237     9.9960    10.0002  0.11849E-03    82.3711
   0.1755000E+04      2     9.9990  0.00019    0.0161   49.6233    6.2829  123.2184     9.9971    10.0009  0.11849E-03    55.9063
   0.1782000E+04      2     9.9993  0.00025    0.0155   50.2435   32.3447   43.9534     9.9968    10.0018  0.11849E-03    82.5883
   0.1809000E+04      2     9.9999  0.00023    0.0152   44.3384   51.8159  337.7765     9.9976    10.0022  0.11849E-03    96.1542
   0.1836000E+04      2    10.0008  0.00023    0.0149   45.8991   34.7767  300.6309     9.9985    10.0030  0.11849E-03    80.6758
   0.1863000E+04      2    10.0021  0.00021    0.0132   43.8769   17.3702  267.3654    10.0000    10.0041  0.11849E-03    61.2471
   0.1890000E+04      2    10.0007  0.00027    0.0115   37.5942    9.9515  228.3653     9.9980    10.0035  0.11849E-03    47.5456
   0.1917000E+04      2    10.0018  0.00022    0.0112   35.8020   17.7220  169.7078     9.9996    10.0040  0.11849E-03    53.5239
   0.1944000E+04      2    10.0014  0.00022    0.0113   38.0859   17.2397  115.2206     9.9992    10.0036  0.11849E-03    55.3256
   0.1971000E+04      2    10.0014  0.00038    0.0120   47.8131  358.4553   71.6110     9.9976    10.0053  0.11850E-03    46.2684
   0.1998000E+04      2    10.0023  0.00036    0.0129   50.0596  353.2874   21.8177     9.9988    10.0059  0.11850E-03    43.3470
   0.2025000E+04      2    10.0028  0.00039    0.0159   36.0110  348.9668  347.4586     9.9990    10.0067  0.11850E-03    24.9777
   0.2052000E+04      2    10.0066  0.00064    0.0212   52.1176  346.8386  280.5787    10.0002    10.0130  0.11850E-03    38.9562
   0.2079000E+04      2    10.0061  0.00057    0.0238   45.2554    1.7904  219.5793    10.0004    10.0118  0.11850E-03    47.0458
   0.2106000E+04      2    10.0067  0.00064    0.0260   38.6532    0.6440  174.4014    10.0003    10.0131  0.11850E-03    39.2972
   0.2133000E+04      2    10.0037  0.00091    0.0220   41.9345  357.1073  121.8619     9.9946    10.0128  0.11850E-03    39.0418
   0.2160000E+04      2    10.0044  0.00091    0.0220   44.5958  348.6925   74.8052     9.9953    10.0135  0.11850E-03    33.2884
   0.2187000E+04      2    10.0044  0.00096    0.0241   46.7445  347.5538   20.9738     9.9948    10.0141  0.11850E-03    34.2983
   0.2214000E+04      2    10.0055  0.00096    0.0236   49.9129  347.2370  325.2644     9.9958    10.0151  0.11850E-03    37.1499
   0.2241000E+04      2    10.0057  0.00096    0.0229   48.2949  350.9067  270.3238     9.9961    10.0153  0.11850E-03    39.2015
   0.2268000E+04      2    10.0059  0.00098    0.0224   42.7580  356.5019  217.3759     9.9961    10.0157  0.11850E-03    39.2599
   0.2295000E+04      2    10.0058  0.00094    0.0230   43.6523  356.7833  163.3196     9.9964    10.0153  0.11850E-03    40.4356
   0.2322000E+04      2    10.0073  0.00089    0.0212   38.7719  352.2317  119.8098     9.9984    10.0161  0.11850E-03    31.0036
   0.2349000E+04      2    10.0080  0.00093    0.0205   34.9581  351.5997   71.2891     9.9988    10.0173  0.11850E-03    26.5579
   0.2376000E+04      2    10.0098  0.00093    0.0238   33.4190  353.8561   17.5420    10.0005    10.0191  0.11850E-03    27.2751
   0.2403000E+04      2    10.0103  0.00085    0.0254   40.6787  350.5483  320.4952    10.0018    10.0188  0.11850E-03    31.2269
   0.2430000E+04      2    10.0096  0.00082    0.0241   37.5436  358.3190  262.7772    10.0014    10.0179  0.11850E-03    35.8626
   0.2457000E+04      2    10.0094  0.00073    0.0236   33.2590    0.4060  211.9257    10.0021    10.0167  0.11850E-03    33.6649
   0.2484000E+04      2    10.0095  0.00077    0.0235   33.4055    3.3938  155.7334    10.0018    10.0173  0.11850E-03    36.7992
   0.2511000E+04      2    10.0081  0.00075    0.0220   38.1342  358.7292  102.6350    10.0006    10.0156  0.11850E-03    36.8634
   0.2538000E+04      2    10.0089  0.00071    0.0198   43.2382  350.5358   52.7092    10.0018    10.0159  0.11850E-03    33.7739
   0.2565000E+04      2    10.0089  0.00065    0.0195   39.8794  356.6172  356.9418    10.0024    10.0154  0.11850E-03    36.4966
   0.2592000E+04      2    10.0080  0.00071    0.0186   38.9705    0.7592  300.6831    10.0009    10.0150  0.11850E-03    39.7297
   0.2619000E+04      2    10.0076  0.00064    0.0183   36.6088    3.8522  246.9819    10.0013    10.0140  0.11850E-03    40.4611
   0.2646000E+04      2    10.0067  0.00071    0.0194   37.4857  355.7204  201.2578     9.9995    10.0138  0.11850E-03    33.2061
   0.2673000E+04      2    10.0068  0.00071    0.0189   38.3434    0.5442  142.6535     9.9997    10.0139  0.11850E-03    38.8876
   0.2700000E+04      2    10.0061  0.00072    0.0206   33.6680    5.1059   89.8522     9.9989    10.0133  0.11850E-03    38.7739
